> # Drawing 1000 realizations of a multinomial experiment with a total number of 190 ob- jects to be placed in one of K = 3 bins
> # Using Estimated value of THETA = 0.7684
> # prob_1 = (1-THETA)^2 
> # prob_2 = 2*THETA*(1-THETA) 
> # prob_3 = (THETA)^2 
> THETA = 0.7684
> prob_1 = (1-THETA)^2
> prob_2 = 2*THETA*(1-THETA)
> prob_3 = (THETA)^2
> 
> #The matrix multinom contains X1, X2 , X3 values for 1000 simulations in (3 x 1000) dimension matrix
> multinom<-rmultinom(1000,190,c(prob_1, prob_2, prob_3))
> 
> # multinom is 3 x 1000 matrix , it can be viewed partially as follows
> multinom
     [,1] [,2] [,3] [,4] [,5] [,6] [,7] [,8] [,9] [,10] [,11] [,12] [,13] [,14] [,15] [,16]
[1,]   11   14    9   15   12   12   12    8   15    11    18    14     6    16    13    10
     [,17] [,18] [,19] [,20] [,21] [,22] [,23] [,24] [,25] [,26] [,27] [,28] [,29] [,30] [,31]
[1,]     6    10     9    12     8     9    12    11    11    13    14     9    10    10    14
     [,32] [,33] [,34] [,35] [,36] [,37] [,38] [,39] [,40] [,41] [,42] [,43] [,44] [,45] [,46]
[1,]    12    12    10    14     7     8    13     8     8     9     7     9     6    17     8
     [,47] [,48] [,49] [,50] [,51] [,52] [,53] [,54] [,55] [,56] [,57] [,58] [,59] [,60] [,61]
[1,]     7    13     7     6     6    10    10    11    19    17     9    16     3     9    10
     [,62] [,63] [,64] [,65] [,66] [,67] [,68] [,69] [,70] [,71] [,72] [,73] [,74] [,75] [,76]
[1,]    11    12    13     9     8    14     7    11     8     9    11     7    10     7    10
     [,77] [,78] [,79] [,80] [,81] [,82] [,83] [,84] [,85] [,86] [,87] [,88] [,89] [,90] [,91]
[1,]     7     7    11     7     8    22    13     7     6     9    12    14     9     8    11
     [,92] [,93] [,94] [,95] [,96] [,97] [,98] [,99] [,100] [,101] [,102] [,103] [,104] [,105]
[1,]    11     9     7     5    12    13    10    17      9     11     14     13     14     15
     [,106] [,107] [,108] [,109] [,110] [,111] [,112] [,113] [,114] [,115] [,116] [,117] [,118]
[1,]     14     11      8      8     12     11     14     13     14     11     11     10      9
     [,119] [,120] [,121] [,122] [,123] [,124] [,125] [,126] [,127] [,128] [,129] [,130] [,131]
[1,]     11     14      7      8      8      8      7      5     11      9      7     14      6
     [,132] [,133] [,134] [,135] [,136] [,137] [,138] [,139] [,140] [,141] [,142] [,143] [,144]
[1,]     15     14     15     11      9     10      9     13     10     12      6      7     12
     [,145] [,146] [,147] [,148] [,149] [,150] [,151] [,152] [,153] [,154] [,155] [,156] [,157]
[1,]     12      5     13      8     11      7      6      9     12     12      9     10     12
     [,158] [,159] [,160] [,161] [,162] [,163] [,164] [,165] [,166] [,167] [,168] [,169] [,170]
[1,]     12     10      8      8     13      6      9     12     23     13     11     15     13
     [,171] [,172] [,173] [,174] [,175] [,176] [,177] [,178] [,179] [,180] [,181] [,182] [,183]
[1,]     10      8     13     14     15     13      8     12      5      7      8     13     12
     [,184] [,185] [,186] [,187] [,188] [,189] [,190] [,191] [,192] [,193] [,194] [,195] [,196]
[1,]      5     10      7      8     13      9     12     12     12     12      9     12     14
     [,197] [,198] [,199] [,200] [,201] [,202] [,203] [,204] [,205] [,206] [,207] [,208] [,209]
[1,]      7      7      9      9      8     14      9     11      8      6     11     13      7
     [,210] [,211] [,212] [,213] [,214] [,215] [,216] [,217] [,218] [,219] [,220] [,221] [,222]
[1,]      3     12      9     11      9     17     11     12     12     11      9     13      8
     [,223] [,224] [,225] [,226] [,227] [,228] [,229] [,230] [,231] [,232] [,233] [,234] [,235]
[1,]      7     13     14      8      7      8      9     13     15     10      8     14      6
     [,236] [,237] [,238] [,239] [,240] [,241] [,242] [,243] [,244] [,245] [,246] [,247] [,248]
[1,]     11     11     12     13     12     15      9     12     13      9     10      6      9
     [,249] [,250] [,251] [,252] [,253] [,254] [,255] [,256] [,257] [,258] [,259] [,260] [,261]
[1,]     13     13      7     14      7     11     11      9      8     11     10      7     10
     [,262] [,263] [,264] [,265] [,266] [,267] [,268] [,269] [,270] [,271] [,272] [,273] [,274]
[1,]     14      6     11     10      8      8     11      6     10     12      9     10     12
     [,275] [,276] [,277] [,278] [,279] [,280] [,281] [,282] [,283] [,284] [,285] [,286] [,287]
[1,]      9      9     14     13      6     11     12     12      8     10     11      9     16
     [,288] [,289] [,290] [,291] [,292] [,293] [,294] [,295] [,296] [,297] [,298] [,299] [,300]
[1,]     10      7     12      8      5      9     13      9     15      9      6      7     12
     [,301] [,302] [,303] [,304] [,305] [,306] [,307] [,308] [,309] [,310] [,311] [,312] [,313]
[1,]     11      8     13     10     14     11     16     13      6     12     14      8      7
     [,314] [,315] [,316] [,317] [,318] [,319] [,320] [,321] [,322] [,323] [,324] [,325] [,326]
[1,]     14      9      7      7     11     10     11     11      7      7      8      7     16
     [,327] [,328] [,329] [,330] [,331] [,332] [,333] [,334] [,335] [,336] [,337] [,338] [,339]
[1,]     12      7     14      7     11     11     14     14     11      5     12     12      7
     [,340] [,341] [,342] [,343] [,344] [,345] [,346] [,347] [,348] [,349] [,350] [,351] [,352]
[1,]     14     12      4     15     11      9     12     11     12      6     11      7     14
     [,353] [,354] [,355] [,356] [,357] [,358] [,359] [,360] [,361] [,362] [,363] [,364] [,365]
[1,]      9      6     11      7     14     12     11     11      5     12      6     11      6
     [,366] [,367] [,368] [,369] [,370] [,371] [,372] [,373] [,374] [,375] [,376] [,377] [,378]
[1,]      8     14      9      8     10      8      7      8      9     11     10     17     16
     [,379] [,380] [,381] [,382] [,383] [,384] [,385] [,386] [,387] [,388] [,389] [,390] [,391]
[1,]      8     12      9     10     12     11      6     15     13     13      9     10     14
     [,392] [,393] [,394] [,395] [,396] [,397] [,398] [,399] [,400] [,401] [,402] [,403] [,404]
[1,]      9      5      8     11      8     13     11      7     13      9     11      8     12
     [,405] [,406] [,407] [,408] [,409] [,410] [,411] [,412] [,413] [,414] [,415] [,416] [,417]
[1,]     11     17      8     13     10     10      8     11      5     13      9      8     10
     [,418] [,419] [,420] [,421] [,422] [,423] [,424] [,425] [,426] [,427] [,428] [,429] [,430]
[1,]      9     10     13     16     11     11      7     12      9      6     13     13      7
     [,431] [,432] [,433] [,434] [,435] [,436] [,437] [,438] [,439] [,440] [,441] [,442] [,443]
[1,]      8     10     10     12     15      8     13     13      7      7      3      3     12
     [,444] [,445] [,446] [,447] [,448] [,449] [,450] [,451] [,452] [,453] [,454] [,455] [,456]
[1,]      9      5     11     13      6     10      7      5      8      6     14      7      7
     [,457] [,458] [,459] [,460] [,461] [,462] [,463] [,464] [,465] [,466] [,467] [,468] [,469]
[1,]      6      4     12     10      9      9     12      6     12      6     12     12     10
     [,470] [,471] [,472] [,473] [,474] [,475] [,476] [,477] [,478] [,479] [,480] [,481] [,482]
[1,]      9     11      9     12      8     13      8     10      6      9     11      9     10
     [,483] [,484] [,485] [,486] [,487] [,488] [,489] [,490] [,491] [,492] [,493] [,494] [,495]
[1,]      8     10     19     13      9      5      4     10      9     12     12      8     10
     [,496] [,497] [,498] [,499] [,500] [,501] [,502] [,503] [,504] [,505] [,506] [,507] [,508]
[1,]     16     13      5      6     10      4      5      8     11     16     15      9      5
     [,509] [,510] [,511] [,512] [,513] [,514] [,515] [,516] [,517] [,518] [,519] [,520] [,521]
[1,]     10     13     11     14      8     14     14      6     12     11      7     13     17
     [,522] [,523] [,524] [,525] [,526] [,527] [,528] [,529] [,530] [,531] [,532] [,533] [,534]
[1,]     10     11     15     10     11      8     14      8      7      8     12     11     12
     [,535] [,536] [,537] [,538] [,539] [,540] [,541] [,542] [,543] [,544] [,545] [,546] [,547]
[1,]     13      9     10     10     10      9     14     13      9     13     11      7     11
     [,548] [,549] [,550] [,551] [,552] [,553] [,554] [,555] [,556] [,557] [,558] [,559] [,560]
[1,]      8     12      7      6     11     10      8     13      7     10      7     13     11
     [,561] [,562] [,563] [,564] [,565] [,566] [,567] [,568] [,569] [,570] [,571] [,572] [,573]
[1,]      5      7     11      6      9     10     11     20     14      7     10      7     13
     [,574] [,575] [,576] [,577] [,578] [,579] [,580] [,581] [,582] [,583] [,584] [,585] [,586]
[1,]      5      9     11      7     18      5      7     12      8      9      9     11      5
     [,587] [,588] [,589] [,590] [,591] [,592] [,593] [,594] [,595] [,596] [,597] [,598] [,599]
[1,]      9      9      9     14     12     11      9     10     17     10     12      5     11
     [,600] [,601] [,602] [,603] [,604] [,605] [,606] [,607] [,608] [,609] [,610] [,611] [,612]
[1,]     12      9      8      6     10      6     11     12      9     11      4     12      5
     [,613] [,614] [,615] [,616] [,617] [,618] [,619] [,620] [,621] [,622] [,623] [,624] [,625]
[1,]     10     10      7     10     12      3     11      8     10     12     10     13     14
     [,626] [,627] [,628] [,629] [,630] [,631] [,632] [,633] [,634] [,635] [,636] [,637] [,638]
[1,]      9     12     12     14     10     10     12      5      8     10     13     18     11
     [,639] [,640] [,641] [,642] [,643] [,644] [,645] [,646] [,647] [,648] [,649] [,650] [,651]
[1,]     14      7      7     13      9      9      7     11     11      8      9     10      9
     [,652] [,653] [,654] [,655] [,656] [,657] [,658] [,659] [,660] [,661] [,662] [,663] [,664]
[1,]     18      7     15      6      4     16     11      5     10      9      8      6     11
     [,665] [,666] [,667] [,668] [,669] [,670] [,671] [,672] [,673] [,674] [,675] [,676] [,677]
[1,]     10      8     12     11      6     10      8     14      9      5      7      5     10
     [,678] [,679] [,680] [,681] [,682] [,683] [,684] [,685] [,686] [,687] [,688] [,689] [,690]
[1,]      9     12     16     15     11      5     13     10     10     12     14     19      8
     [,691] [,692] [,693] [,694] [,695] [,696] [,697] [,698] [,699] [,700] [,701] [,702] [,703]
[1,]      9     16     11      6      9      8      8      9      9     12     14     11      7
     [,704] [,705] [,706] [,707] [,708] [,709] [,710] [,711] [,712] [,713] [,714] [,715] [,716]
[1,]      8      9     11      4     10     14     12     14     10     13     11     11      7
     [,717] [,718] [,719] [,720] [,721] [,722] [,723] [,724] [,725] [,726] [,727] [,728] [,729]
[1,]     10      8      6     12     11     14      8      9     11     13      9     10     11
     [,730] [,731] [,732] [,733] [,734] [,735] [,736] [,737] [,738] [,739] [,740] [,741] [,742]
[1,]     13      7     12     12     10      9     11     14      9      8     11     11     10
     [,743] [,744] [,745] [,746] [,747] [,748] [,749] [,750] [,751] [,752] [,753] [,754] [,755]
[1,]     15     15      5      9     11      5     13     10      6     10     12     11      8
     [,756] [,757] [,758] [,759] [,760] [,761] [,762] [,763] [,764] [,765] [,766] [,767] [,768]
[1,]     11     12     10      8      6      7      8     10     12      6     12     11     11
     [,769] [,770] [,771] [,772] [,773] [,774] [,775] [,776] [,777] [,778] [,779] [,780] [,781]
[1,]      7      7     10     17     14      9      8      6      6     10      8     15     12
     [,782] [,783] [,784] [,785] [,786] [,787] [,788] [,789] [,790] [,791] [,792] [,793] [,794]
[1,]      8     11     10     14     11      8     14      9      7     11     13     11     13
     [,795] [,796] [,797] [,798] [,799] [,800] [,801] [,802] [,803] [,804] [,805] [,806] [,807]
[1,]      8     13     17      9      4      9      9      9     13      7     13     11      9
     [,808] [,809] [,810] [,811] [,812] [,813] [,814] [,815] [,816] [,817] [,818] [,819] [,820]
[1,]      7     13     11     14      9      9      9     15     10     10     10     11      7
     [,821] [,822] [,823] [,824] [,825] [,826] [,827] [,828] [,829] [,830] [,831] [,832] [,833]
[1,]      5     14     15     13     10      8      9     10     17     16      9     16     17
     [,834] [,835] [,836] [,837] [,838] [,839] [,840] [,841] [,842] [,843] [,844] [,845] [,846]
[1,]     12     11     10     13     15      7     12     11      6     15     13      6      7
     [,847] [,848] [,849] [,850] [,851] [,852] [,853] [,854] [,855] [,856] [,857] [,858] [,859]
[1,]      7      5      9     12      7     13      5     14     11      9     14     15      8
     [,860] [,861] [,862] [,863] [,864] [,865] [,866] [,867] [,868] [,869] [,870] [,871] [,872]
[1,]      6     14      8      6     20     10      9     14      9     15     11      7      9
     [,873] [,874] [,875] [,876] [,877] [,878] [,879] [,880] [,881] [,882] [,883] [,884] [,885]
[1,]     14      9      9     10     17      7      9      7      4      8     11     10     10
     [,886] [,887] [,888] [,889] [,890] [,891] [,892] [,893] [,894] [,895] [,896] [,897] [,898]
[1,]      7     10     10     12     13      8     10     19     10     12      7     13     10
     [,899] [,900] [,901] [,902] [,903] [,904] [,905] [,906] [,907] [,908] [,909] [,910] [,911]
[1,]     10     17     14      7     11     10     12     13      9      9     15     13      9
     [,912] [,913] [,914] [,915] [,916] [,917] [,918] [,919] [,920] [,921] [,922] [,923] [,924]
[1,]      8     12     11     14     11     15      8      7      8     14     11      8     15
     [,925] [,926] [,927] [,928] [,929] [,930] [,931] [,932] [,933] [,934] [,935] [,936] [,937]
[1,]     11     13      8     11      7     13     15      7     12     11      9     11     12
     [,938] [,939] [,940] [,941] [,942] [,943] [,944] [,945] [,946] [,947] [,948] [,949] [,950]
[1,]      9      9     14     12     10      7     14     10     15     10     11     14      4
     [,951] [,952] [,953] [,954] [,955] [,956] [,957] [,958] [,959] [,960] [,961] [,962] [,963]
[1,]     10      7      3     11     13     10      6      9      7      8      7     13     19
     [,964] [,965] [,966] [,967] [,968] [,969] [,970] [,971] [,972] [,973] [,974] [,975] [,976]
[1,]     13     10      9     10     13     11     13      9     10      8     11     12      9
     [,977] [,978] [,979] [,980] [,981] [,982] [,983] [,984] [,985] [,986] [,987] [,988] [,989]
[1,]     11      9      8     11      5     12     11     13      7     15     11      7     13
     [,990] [,991] [,992] [,993] [,994] [,995] [,996] [,997] [,998] [,999] [,1000]
[1,]      9     12     12     12     12      8     10     14     11      9       9
 [ reached getOption("max.print") -- omitted 2 rows ]
> 
> # Declaring y as an array of 1000 integers , that contains sum of X2 and X3 values stored in bins 2 and 3 respectively
> y <- rep(0, 1000)
> 
> # Storing values obtained for MLE into y using following formula :
> # (2 * X3 + X2)/(2*190)
> 
> for (i in 1:1000){
+   y[i] <- (multinom[2,i] + 2* multinom[3,i]) / (2*190)
+ }
> 
> print(y)
   [1] 0.7342105 0.7578947 0.7973684 0.7315789 0.7473684 0.7710526 0.7578947 0.7736842 0.7736842
  [10] 0.7763158 0.7473684 0.7447368 0.7842105 0.7052632 0.7631579 0.7789474 0.7842105 0.7657895
  [19] 0.7421053 0.7500000 0.7657895 0.7842105 0.7526316 0.7684211 0.7447368 0.7736842 0.7631579
  [28] 0.7578947 0.7578947 0.7842105 0.7447368 0.7473684 0.7578947 0.7710526 0.7605263 0.7842105
  [37] 0.7763158 0.7421053 0.7921053 0.7736842 0.7789474 0.8026316 0.7368421 0.7789474 0.7210526
  [46] 0.7947368 0.7894737 0.7605263 0.7842105 0.8026316 0.7842105 0.7578947 0.7921053 0.7736842
  [55] 0.6921053 0.7526316 0.7789474 0.7552632 0.8026316 0.8078947 0.7763158 0.7815789 0.7815789
  [64] 0.7447368 0.8000000 0.7605263 0.7342105 0.7947368 0.7605263 0.7684211 0.7815789 0.7842105
  [73] 0.7710526 0.7868421 0.7763158 0.7710526 0.7631579 0.7815789 0.7815789 0.7605263 0.7763158
  [82] 0.7447368 0.7289474 0.7815789 0.7763158 0.7710526 0.7447368 0.7421053 0.7552632 0.7736842
  [91] 0.7921053 0.7578947 0.7421053 0.7973684 0.8000000 0.7657895 0.7210526 0.7763158 0.7421053
 [100] 0.7394737 0.7684211 0.7500000 0.7368421 0.7631579 0.7552632 0.7210526 0.7684211 0.7842105
 [109] 0.7657895 0.7605263 0.7605263 0.7236842 0.7552632 0.7131579 0.7500000 0.7447368 0.7789474
 [118] 0.7789474 0.7973684 0.7315789 0.7947368 0.7815789 0.7921053 0.7710526 0.7973684 0.8052632
 [127] 0.7578947 0.7684211 0.7710526 0.7789474 0.8105263 0.7421053 0.7210526 0.7552632 0.7394737
 [136] 0.7842105 0.7447368 0.7657895 0.7447368 0.7894737 0.7631579 0.7894737 0.7684211 0.7421053
 [145] 0.7421053 0.8000000 0.7578947 0.7894737 0.7815789 0.7736842 0.8000000 0.7763158 0.7736842
 [154] 0.7657895 0.7815789 0.7631579 0.7763158 0.7710526 0.7631579 0.7868421 0.7868421 0.7921053
 [163] 0.7736842 0.7684211 0.7684211 0.7026316 0.7894737 0.7815789 0.7657895 0.7289474 0.7552632
 [172] 0.7710526 0.7473684 0.7710526 0.7578947 0.7526316 0.7789474 0.7605263 0.8052632 0.7578947
 [181] 0.7894737 0.7684211 0.7447368 0.7605263 0.7631579 0.8000000 0.7973684 0.7236842 0.7789474
 [190] 0.7631579 0.7552632 0.7394737 0.7342105 0.7710526 0.7289474 0.7500000 0.7868421 0.7368421
 [199] 0.7657895 0.7342105 0.7578947 0.7263158 0.7763158 0.7526316 0.7631579 0.7763158 0.7578947
 [208] 0.7500000 0.7736842 0.7894737 0.7368421 0.7657895 0.7578947 0.7815789 0.7631579 0.7631579
 [217] 0.7763158 0.7605263 0.7868421 0.7921053 0.7789474 0.7842105 0.8078947 0.7684211 0.7236842
 [226] 0.8000000 0.7947368 0.8078947 0.7763158 0.7605263 0.7473684 0.7552632 0.7605263 0.7710526
 [235] 0.7947368 0.7684211 0.7578947 0.7736842 0.7842105 0.7578947 0.7631579 0.7710526 0.7342105
 [244] 0.7315789 0.7657895 0.7631579 0.7868421 0.7605263 0.7815789 0.7736842 0.7947368 0.7710526
 [253] 0.7789474 0.7631579 0.7736842 0.7921053 0.7947368 0.7736842 0.7657895 0.8052632 0.7763158
 [262] 0.7552632 0.7973684 0.7394737 0.7631579 0.7842105 0.7710526 0.7500000 0.7868421 0.7763158
 [271] 0.7605263 0.7789474 0.7789474 0.8000000 0.7736842 0.7605263 0.7184211 0.7342105 0.7763158
 [280] 0.7894737 0.7342105 0.7552632 0.7921053 0.7578947 0.7421053 0.7894737 0.7421053 0.7815789
 [289] 0.7684211 0.7763158 0.7526316 0.8052632 0.7973684 0.7447368 0.7552632 0.7684211 0.7921053
 [298] 0.7947368 0.8000000 0.7736842 0.7605263 0.7657895 0.7368421 0.7657895 0.7657895 0.7552632
 [307] 0.7526316 0.7578947 0.7763158 0.7684211 0.7578947 0.7763158 0.8078947 0.7605263 0.7631579
 [316] 0.7552632 0.7710526 0.7894737 0.7684211 0.7684211 0.7921053 0.7868421 0.7631579 0.7552632
 [325] 0.8447368 0.7342105 0.7368421 0.7736842 0.7500000 0.7789474 0.7736842 0.7421053 0.7552632
 [334] 0.7657895 0.7368421 0.8184211 0.7210526 0.7605263 0.7789474 0.7394737 0.7657895 0.7921053
 [343] 0.7342105 0.7736842 0.7947368 0.7815789 0.7657895 0.7868421 0.7710526 0.7684211 0.7736842
 [352] 0.7736842 0.7500000 0.7552632 0.7631579 0.7736842 0.7157895 0.7184211 0.7552632 0.7342105
 [361] 0.7605263 0.7605263 0.8052632 0.7710526 0.8026316 0.7578947 0.7394737 0.7447368 0.7973684
 [370] 0.7578947 0.7815789 0.7526316 0.7947368 0.8052632 0.7921053 0.7842105 0.7447368 0.7789474
 [379] 0.7868421 0.7657895 0.7578947 0.7421053 0.7421053 0.7736842 0.7921053 0.7447368 0.7473684
 [388] 0.7500000 0.7763158 0.7710526 0.7500000 0.7605263 0.8052632 0.7868421 0.7605263 0.7631579
 [397] 0.7736842 0.7289474 0.7894737 0.7710526 0.7894737 0.7578947 0.7684211 0.7789474 0.7631579
 [406] 0.7289474 0.7500000 0.7763158 0.7842105 0.7894737 0.7842105 0.7631579 0.7815789 0.7763158
 [415] 0.7289474 0.7789474 0.7789474 0.7842105 0.7763158 0.7342105 0.7394737 0.7605263 0.7605263
 [424] 0.7973684 0.7631579 0.7842105 0.8052632 0.7631579 0.7684211 0.7894737 0.7657895 0.7842105
 [433] 0.7921053 0.7500000 0.7315789 0.7815789 0.7105263 0.7263158 0.7710526 0.7578947 0.8052632
 [442] 0.7894737 0.7605263 0.7894737 0.8210526 0.7973684 0.7631579 0.8052632 0.7500000 0.7868421
 [451] 0.7921053 0.7684211 0.8105263 0.7473684 0.8000000 0.7289474 0.8026316 0.8000000 0.7710526
 [460] 0.7763158 0.7684211 0.7631579 0.7736842 0.8052632 0.7552632 0.8000000 0.7578947 0.7500000
 [469] 0.7736842 0.7578947 0.7578947 0.7947368 0.7657895 0.7947368 0.7605263 0.7631579 0.7631579
 [478] 0.8078947 0.7842105 0.7526316 0.7789474 0.7657895 0.7947368 0.7842105 0.7236842 0.7763158
 [487] 0.7763158 0.8131579 0.7815789 0.7842105 0.7973684 0.7605263 0.7526316 0.7736842 0.7736842
 [496] 0.7736842 0.7657895 0.7842105 0.8026316 0.7368421 0.7710526 0.8026316 0.7684211 0.7973684
 [505] 0.7210526 0.7421053 0.7815789 0.8052632 0.7605263 0.7500000 0.7578947 0.7684211 0.7842105
 [514] 0.7500000 0.7763158 0.7921053 0.7631579 0.7605263 0.7815789 0.7631579 0.7342105 0.7736842
 [523] 0.8026316 0.7605263 0.7289474 0.7657895 0.7815789 0.7789474 0.7947368 0.7736842 0.7500000
 [532] 0.7631579 0.7552632 0.7894737 0.7368421 0.7763158 0.7894737 0.7710526 0.7763158 0.7815789
 [541] 0.7684211 0.7421053 0.7500000 0.7789474 0.7842105 0.7710526 0.7789474 0.7921053 0.7763158
 [550] 0.7842105 0.7710526 0.7578947 0.7684211 0.7789474 0.7500000 0.7736842 0.7921053 0.8210526
 [559] 0.7578947 0.7473684 0.7842105 0.7868421 0.7526316 0.7947368 0.8210526 0.8078947 0.7894737
 [568] 0.7210526 0.7289474 0.7684211 0.7631579 0.7921053 0.7684211 0.7657895 0.7947368 0.7763158
 [577] 0.7763158 0.7342105 0.7763158 0.7921053 0.7552632 0.7947368 0.7789474 0.7657895 0.7552632
 [586] 0.8052632 0.7710526 0.8000000 0.7842105 0.7526316 0.7368421 0.8026316 0.7631579 0.7631579
 [595] 0.7315789 0.7710526 0.7368421 0.7710526 0.7605263 0.7578947 0.7684211 0.7921053 0.7868421
 [604] 0.7842105 0.7947368 0.7631579 0.7578947 0.7736842 0.7842105 0.7973684 0.7578947 0.7710526
 [613] 0.7815789 0.7657895 0.7947368 0.7289474 0.7894737 0.7947368 0.7789474 0.8000000 0.7815789
 [622] 0.7763158 0.7710526 0.7342105 0.7473684 0.8078947 0.7710526 0.7631579 0.7552632 0.7605263
 [631] 0.7710526 0.7578947 0.8026316 0.7789474 0.7578947 0.7605263 0.7131579 0.7842105 0.7263158
 [640] 0.7552632 0.8026316 0.7684211 0.7868421 0.7815789 0.7631579 0.7631579 0.7631579 0.8210526
 [649] 0.7263158 0.7500000 0.7763158 0.7552632 0.7921053 0.7763158 0.7842105 0.8157895 0.7421053
 [658] 0.7842105 0.7842105 0.7684211 0.7815789 0.7631579 0.7868421 0.7552632 0.7921053 0.7684211
 [667] 0.7526316 0.7657895 0.8026316 0.7578947 0.7868421 0.7342105 0.7789474 0.8289474 0.8000000
 [676] 0.8342105 0.7657895 0.7447368 0.7526316 0.7789474 0.7526316 0.7842105 0.7578947 0.7421053
 [685] 0.7552632 0.7789474 0.7605263 0.7578947 0.7157895 0.7763158 0.8078947 0.7500000 0.7815789
 [694] 0.7894737 0.7447368 0.7657895 0.7789474 0.7815789 0.7710526 0.7736842 0.7315789 0.7921053
 [703] 0.8000000 0.7921053 0.7868421 0.7789474 0.8184211 0.7684211 0.7394737 0.7500000 0.7526316
 [712] 0.7552632 0.7394737 0.7578947 0.7342105 0.7868421 0.7789474 0.8078947 0.7710526 0.7763158
 [721] 0.7868421 0.7578947 0.7552632 0.7684211 0.7763158 0.7605263 0.8052632 0.7526316 0.7473684
 [730] 0.7421053 0.7789474 0.7684211 0.7763158 0.7684211 0.7710526 0.7368421 0.7447368 0.7500000
 [739] 0.8026316 0.7578947 0.7552632 0.7526316 0.7500000 0.7263158 0.8052632 0.7789474 0.7657895
 [748] 0.7657895 0.7710526 0.7789474 0.7763158 0.7868421 0.7500000 0.7657895 0.7868421 0.7421053
 [757] 0.7710526 0.7605263 0.7710526 0.7473684 0.7526316 0.8131579 0.7842105 0.7552632 0.7894737
 [766] 0.7578947 0.7368421 0.7631579 0.7657895 0.7605263 0.7763158 0.7315789 0.7578947 0.7868421
 [775] 0.7973684 0.8026316 0.8078947 0.7868421 0.7763158 0.7315789 0.7710526 0.8052632 0.7605263
 [784] 0.8026316 0.7421053 0.7447368 0.7631579 0.7947368 0.8000000 0.8052632 0.7500000 0.7526316
 [793] 0.7684211 0.7842105 0.7842105 0.7500000 0.7736842 0.7578947 0.8236842 0.7710526 0.7684211
 [802] 0.7631579 0.7368421 0.7605263 0.7789474 0.7763158 0.7657895 0.8052632 0.7421053 0.7473684
 [811] 0.7315789 0.7815789 0.7684211 0.7842105 0.7289474 0.7684211 0.7710526 0.7973684 0.7815789
 [820] 0.7736842 0.7736842 0.7868421 0.7447368 0.7500000 0.7394737 0.8052632 0.7526316 0.7473684
 [829] 0.7105263 0.7421053 0.7578947 0.7473684 0.7578947 0.7368421 0.7815789 0.7789474 0.7763158
 [838] 0.7578947 0.7973684 0.7447368 0.7605263 0.7789474 0.7236842 0.7578947 0.7789474 0.7842105
 [847] 0.7789474 0.8105263 0.7605263 0.7710526 0.7578947 0.7789474 0.7842105 0.7473684 0.7789474
 [856] 0.7763158 0.7578947 0.7421053 0.7763158 0.7789474 0.7578947 0.7973684 0.7394737 0.7184211
 [865] 0.7394737 0.7657895 0.7605263 0.7526316 0.7500000 0.7789474 0.7868421 0.7736842 0.7368421
 [874] 0.7657895 0.7657895 0.7868421 0.7421053 0.7894737 0.7736842 0.7684211 0.7526316 0.7684211
 [883] 0.7763158 0.7815789 0.7605263 0.7736842 0.7710526 0.7447368 0.7342105 0.7578947 0.7921053
 [892] 0.7789474 0.7315789 0.7657895 0.7500000 0.8210526 0.7447368 0.7526316 0.7578947 0.7421053
 [901] 0.7552632 0.7684211 0.7894737 0.7605263 0.7526316 0.7526316 0.7868421 0.7789474 0.7578947
 [910] 0.7657895 0.7736842 0.7868421 0.7842105 0.7763158 0.7105263 0.7684211 0.7473684 0.7815789
 [919] 0.7578947 0.7605263 0.7763158 0.7657895 0.7684211 0.7552632 0.7868421 0.7578947 0.7710526
 [928] 0.7500000 0.7868421 0.7500000 0.7500000 0.7736842 0.7868421 0.7921053 0.7815789 0.7684211
 [937] 0.7631579 0.7789474 0.7657895 0.7578947 0.7921053 0.7605263 0.7763158 0.7710526 0.7921053
 [946] 0.7236842 0.7894737 0.7631579 0.7315789 0.7815789 0.7684211 0.7763158 0.8026316 0.7947368
 [955] 0.7894737 0.7763158 0.7763158 0.8000000 0.8157895 0.7631579 0.7894737 0.7736842 0.7552632
 [964] 0.7789474 0.7578947 0.7894737 0.7763158 0.7605263 0.7605263 0.7815789 0.7473684 0.7473684
 [973] 0.7447368 0.7605263 0.7447368 0.7842105 0.7973684 0.8000000 0.7736842 0.7710526 0.7763158
 [982] 0.7710526 0.7921053 0.7868421 0.7789474 0.7157895 0.7710526 0.7921053 0.7315789 0.8078947
 [991] 0.7605263 0.7789474 0.7578947 0.7763158 0.7763158 0.7763158 0.7921053 0.7736842 0.7973684
[1000] 0.7552632
> par(mar=c(1,1,1,1))
> hist(y,
+      main="Histogram for Maximum Likehood Estimate",
+      xlab="MLE",
+      border="blue", 
+      col="green",
+      ylab="Frequency")
> 
> standardDeviation <- sd(y)
> paste("The Standard Deviation through Bootstrap is ", standardDeviation)
[1] "The Standard Deviation through Bootstrap is  0.021570648000977"
> 
> paste("The 99% Confidence Interval through Bootstrap is (", THETA-2.576*standardDeviation, ", ", THETA+2.576*standardDeviation, " )")
[1] "The 99% Confidence Interval through Bootstrap is ( 0.712834010749483 ,  0.823965989250517  )"
> 
